[	0.00858391752523225	0.00224850807859839	0.00412096630540761	0.00414832474676274	0.0027355201419112	0.00709130906659654	0.00158307993249278	0.00373253352927393	0.00542329763936789	0.00739789972670129	0.00188749890033884	0.00398071328015077	0.0037459126336428	0.00323062064427544	0.0030148367305267	0.00592569831311926	0.00552102237473156	0.00531135351000257	0.00122026843928347	0.00251099487422133	]
[	0.00224850807859839	0.00165514444196004	0.00143636736785098	0.00162485495793908	0.00103223789521039	0.0023358222902352	0.000609774704591341	0.00144667515871344	0.0018637364843608	0.00255699497765227	0.000631736786471713	0.00136654610094917	0.00152164681491025	0.00118759783069065	0.00135501186282122	0.00233466762513079	0.00191859612166461	0.00182436860079738	0.000409376782052147	0.000929168919847687	]
[	0.00412096630540761	0.00143636736785098	0.00318398612889464	0.00287473344871962	0.00188334952633126	0.00399867296458208	0.00107944093751208	0.0023376899218061	0.00310246358630888	0.00424666748185131	0.00110837283672608	0.00255483796465153	0.00252709569411617	0.00203825763605122	0.00205150843919889	0.00375116255425431	0.00333584154906808	0.00324785243673165	0.000730997992002841	0.00179584224450006	]
[	0.00414832474676274	0.00162485495793908	0.00287473344871962	0.00366083005640213	0.00198404348317993	0.00401781592627563	0.00110896487871805	0.00254593615073637	0.00344114627893947	0.00449183356648913	0.00128429985523943	0.00252947284371213	0.00264657715199292	0.00215246365295384	0.00212836909274448	0.00369818619233308	0.00324724483758944	0.00323193627226386	0.000813561099966903	0.00176581801719715	]
[	0.0027355201419112	0.00103223789521039	0.00188334952633126	0.00198404348317993	0.00159144327763067	0.00264066368223717	0.000740055287667907	0.00169858388879694	0.00221871028499779	0.00300659424135598	0.000796363990414299	0.00171929924992624	0.0018080191876769	0.00141316734737457	0.00143207184088587	0.00258594809419267	0.00217072416724943	0.00217879569276063	0.000499582346880911	0.00130093391211697	]
[	0.00709130906659654	0.0023358222902352	0.00399867296458208	0.00401781592627563	0.00264066368223717	0.00880563078932085	0.00153752650387331	0.00381455029896194	0.00490496549190081	0.00679506769067101	0.00181960774930401	0.00395588217647949	0.00436163813978411	0.00320230472597609	0.00304524216685018	0.00587172154795404	0.00497869387925083	0.00492777326667759	0.00123005514123864	0.00262716562664197	]
[	0.00158307993249278	0.000609774704591341	0.00107944093751208	0.00110896487871805	0.000740055287667907	0.00153752650387331	0.000583218253264702	0.000931946151687775	0.00116325899124234	0.00174547932741991	0.000448611028970274	0.00098120596761987	0.00103982777544714	0.000851501030572286	0.000841801956958141	0.00147511878264729	0.00128659470093009	0.00126561174368305	0.000300391375120249	0.000698735676229689	]
[	0.00373253352927393	0.00144667515871344	0.0023376899218061	0.00254593615073637	0.00169858388879694	0.00381455029896194	0.000931946151687775	0.00270676429189487	0.00315132001572171	0.0039949509596182	0.00101997130144861	0.0024549384487891	0.00223873834644592	0.00182235199052638	0.00174531415695831	0.00343309050048146	0.0029468363085671	0.00292353473107549	0.000628075559984197	0.00154747212674636	]
[	0.00542329763936789	0.0018637364843608	0.00310246358630888	0.00344114627893947	0.00221871028499779	0.00490496549190081	0.00116325899124234	0.00315132001572171	0.00497202102221686	0.00556524828758209	0.00137358288397339	0.00302666981671337	0.00263762517936959	0.00242175213784773	0.00211339147578745	0.00430236826667429	0.00374517441609613	0.00381193604301678	0.000772664961567452	0.00185428576210804	]
[	0.00739789972670129	0.00255699497765227	0.00424666748185131	0.00449183356648913	0.00300659424135598	0.00679506769067101	0.00174547932741991	0.0039949509596182	0.00556524828758209	0.00837625253118619	0.00190939713225807	0.00404968505831597	0.00412811510831403	0.00349383338535581	0.00334713535472142	0.00621934055998092	0.00523997467628792	0.00531447407325063	0.00112776240602643	0.00264301687760163	]
[	0.00188749890033884	0.000631736786471713	0.00110837283672608	0.00128429985523943	0.000796363990414299	0.00181960774930401	0.000448611028970274	0.00101997130144861	0.00137358288397339	0.00190939713225807	0.000741870910579585	0.00104676877336268	0.00109662109777612	0.000902065274179428	0.000827968337455873	0.00157778131177612	0.00139605223296575	0.00134271479194923	0.000388032321766482	0.000762835190920519	]
[	0.00398071328015077	0.00136654610094917	0.00255483796465153	0.00252947284371213	0.00171929924992624	0.00395588217647949	0.00098120596761987	0.0024549384487891	0.00302666981671337	0.00404968505831597	0.00104676877336268	0.00296505198452441	0.00215577782353394	0.00194623290833773	0.00182921485891698	0.00372964200571354	0.00323712948909957	0.00310096141901559	0.000734909633047699	0.00176063206242813	]
[	0.0037459126336428	0.00152164681491025	0.00252709569411617	0.00264657715199292	0.0018080191876769	0.00436163813978411	0.00103982777544714	0.00223873834644592	0.00263762517936959	0.00412811510831403	0.00109662109777612	0.00215577782353394	0.00366604334536205	0.00214634251337376	0.00214248994486941	0.00358178208744916	0.00317874931173371	0.0029941096530285	0.000690429539020191	0.00174812346287241	]
[	0.00323062064427544	0.00118759783069065	0.00203825763605122	0.00215246365295384	0.00141316734737457	0.00320230472597609	0.000851501030572286	0.00182235199052638	0.00242175213784773	0.00349383338535581	0.000902065274179428	0.00194623290833773	0.00214634251337376	0.00195318226044593	0.00158275138718994	0.00294449237168201	0.00246451791818915	0.00240751941889766	0.000573289100523505	0.00140546996621096	]
[	0.0030148367305267	0.00135501186282122	0.00205150843919889	0.00212836909274448	0.00143207184088587	0.00304524216685018	0.000841801956958141	0.00174531415695831	0.00211339147578745	0.00334713535472142	0.000827968337455873	0.00182921485891698	0.00214248994486941	0.00158275138718994	0.00208065347987261	0.00296031271106554	0.00245927727518577	0.00244232847279311	0.000571160578116847	0.00139208303900148	]
[	0.00592569831311926	0.00233466762513079	0.00375116255425431	0.00369818619233308	0.00258594809419267	0.00587172154795404	0.00147511878264729	0.00343309050048146	0.00430236826667429	0.00621934055998092	0.00157778131177612	0.00372964200571354	0.00358178208744916	0.00294449237168201	0.00296031271106554	0.0060235815667289	0.00483153818944349	0.00459764532341257	0.00106190245071604	0.00250045964461087	]
[	0.00552102237473156	0.00191859612166461	0.00333584154906808	0.00324724483758944	0.00217072416724943	0.00497869387925083	0.00128659470093009	0.0029468363085671	0.00374517441609613	0.00523997467628792	0.00139605223296575	0.00323712948909957	0.00317874931173371	0.00246451791818915	0.00245927727518577	0.00483153818944349	0.00524033251607491	0.00409535803332351	0.000892113105361918	0.00217550127933329	]
[	0.00531135351000257	0.00182436860079738	0.00324785243673165	0.00323193627226386	0.00217879569276063	0.00492777326667759	0.00126561174368305	0.00292353473107549	0.00381193604301678	0.00531447407325063	0.00134271479194923	0.00310096141901559	0.0029941096530285	0.00240751941889766	0.00244232847279311	0.00459764532341257	0.00409535803332351	0.00430862553267763	0.000857462954677364	0.00208548618146027	]
[	0.00122026843928347	0.000409376782052147	0.000730997992002841	0.000813561099966903	0.000499582346880911	0.00123005514123864	0.000300391375120249	0.000628075559984197	0.000772664961567452	0.00112776240602643	0.000388032321766482	0.000734909633047699	0.000690429539020191	0.000573289100523505	0.000571160578116847	0.00106190245071604	0.000892113105361918	0.000857462954677364	0.000392362445863837	0.000544163279653233	]
[	0.00251099487422133	0.000929168919847687	0.00179584224450006	0.00176581801719715	0.00130093391211697	0.00262716562664197	0.000698735676229689	0.00154747212674636	0.00185428576210804	0.00264301687760163	0.000762835190920519	0.00176063206242813	0.00174812346287241	0.00140546996621096	0.00139208303900148	0.00250045964461087	0.00217550127933329	0.00208548618146027	0.000544163279653233	0.00158536661153561	]
