[	0.00509417330880477	0.00142830772513253	0.00328704181776031	0.00371139070959449	0.00293348793447398	0.00474907803074198	0.00140644514845532	0.00356222052441103	0.00337621249553806	0.0067584958071354	0.00137131923386198	0.00279071649718627	0.00364063652556441	0.00261413574586475	0.00316593830749244	0.00484928370962059	0.0040080728901802	0.00461902827725204	0.00103899611793894	0.00213419192029135	]
[	0.00142830772513253	0.000910023666697691	0.00115279468570725	0.00139499085204187	0.000945588055286705	0.00152424734721039	0.000533117263725853	0.00120358843122871	0.00124053671025826	0.0023192850879554	0.000469189496231112	0.00104606675970214	0.00133254827293818	0.000968878056211263	0.00117120285033335	0.00183852852570252	0.00143054497186491	0.00153373155586709	0.000396844554290451	0.000691183388634286	]
[	0.00328704181776031	0.00115279468570725	0.00289898959417676	0.00303031728416931	0.00213997773363381	0.00341631378673659	0.00111912677080951	0.00267464621837981	0.00278408056442859	0.0048956697803676	0.00103107282747132	0.00227161131078704	0.00281056334600771	0.00200234769559149	0.00246552157075044	0.00381337055778769	0.00314315492372642	0.00348039294329074	0.000808594055540713	0.00161067779041787	]
[	0.00371139070959449	0.00139499085204187	0.00303031728416931	0.00368531370006834	0.00252991979491354	0.00379986225056987	0.00130338360000556	0.00304701259620804	0.00320272789032645	0.00571125662576579	0.00121155517240875	0.00256859348935348	0.00322188479649494	0.00232970626215824	0.00284063276575417	0.00443663951801407	0.00349115801452207	0.00393923474445425	0.000897814353450508	0.00182972005650151	]
[	0.00293348793447398	0.000945588055286705	0.00213997773363381	0.00252991979491354	0.00233259515984827	0.00296408915418149	0.00099124955085816	0.00250649325181243	0.00235994317349526	0.00456491510455348	0.000993613625248315	0.00185960017754492	0.00244653463944216	0.00164102093964328	0.00215485113705888	0.00321837882923515	0.00264119991943015	0.00301238060800747	0.000679888474779648	0.00144567204484123	]
[	0.00474907803074198	0.00152424734721039	0.00341631378673659	0.00379986225056987	0.00296408915418149	0.00495144223513966	0.00142831087929618	0.00351547716087115	0.00350188282382996	0.00669798706421508	0.00136063579353622	0.00289264451496575	0.00379664310681524	0.00264162345348013	0.00320622137439724	0.0050020237831355	0.0040863524289646	0.00465244899270726	0.00105492484378207	0.0021151296091643	]
[	0.00140644514845532	0.000533117263725853	0.00111912677080951	0.00130338360000556	0.00099124955085816	0.00142831087929618	0.000584799763224524	0.00116884980341573	0.00116345197555388	0.00218812013210899	0.000468508948303332	0.00094447223003897	0.00123067352193456	0.000841307615518794	0.00107922733691233	0.00166498621451249	0.00132091411653607	0.00147104215605417	0.000369202866186306	0.000709054145010753	]
[	0.00356222052441103	0.00120358843122871	0.00267464621837981	0.00304701259620804	0.00250649325181243	0.00351547716087115	0.00116884980341573	0.00321603044722893	0.00287747398094671	0.00533926908214865	0.00117302247849189	0.0023179053475818	0.00284725212737716	0.00198260959971864	0.0024867019093027	0.00389197630892141	0.00324946038092151	0.00369093223455311	0.000807758183954911	0.00175127241280571	]
[	0.00337621249553806	0.00124053671025826	0.00278408056442859	0.00320272789032645	0.00235994317349526	0.00350188282382996	0.00116345197555388	0.00287747398094671	0.00320120840561892	0.00516664598491752	0.00110660416973097	0.00239911423987525	0.00289422892778424	0.00209030191602238	0.00252926862190554	0.00401660232410346	0.00326692280843454	0.00361682838356021	0.00084264425819078	0.0017148694059548	]
[	0.0067584958071354	0.0023192850879554	0.0048956697803676	0.00571125662576579	0.00456491510455348	0.00669798706421508	0.00218812013210899	0.00533926908214865	0.00516664598491752	0.0109588371285502	0.00211691978846639	0.00426827941524592	0.00552604196776273	0.00400140945254858	0.00499205531516793	0.00741257083060343	0.00597572992316587	0.00687290452551743	0.001581885503248	0.00318735411179267	]
[	0.00137131923386198	0.000469189496231112	0.00103107282747132	0.00121155517240875	0.000993613625248315	0.00136063579353622	0.000468508948303332	0.00117302247849189	0.00110660416973097	0.00211691978846639	0.000523348002867005	0.000892628533035235	0.00112115107963872	0.000811358433390791	0.00101223765090392	0.00151588673321239	0.0012233723854748	0.00140260043544708	0.000324046856519296	0.000673549220288781	]
[	0.00279071649718627	0.00104606675970214	0.00227161131078704	0.00256859348935348	0.00185960017754492	0.00289264451496575	0.00094447223003897	0.0023179053475818	0.00239911423987525	0.00426827941524592	0.000892628533035235	0.00215110161503097	0.00234586171566439	0.00174780157029997	0.00203537033049693	0.00336339793671534	0.00266936378493656	0.0029334454421871	0.000688669379412607	0.00139027035010301	]
[	0.00364063652556441	0.00133254827293818	0.00281056334600771	0.00322188479649494	0.00244653463944216	0.00379664310681524	0.00123067352193456	0.00284725212737716	0.00289422892778424	0.00552604196776273	0.00112115107963872	0.00234586171566439	0.00346239588678568	0.00217510715255657	0.00270378592151238	0.00420505451875357	0.003443866032351	0.00380193752086997	0.000882475909373182	0.00174167656234899	]
[	0.00261413574586475	0.000968878056211263	0.00200234769559149	0.00232970626215824	0.00164102093964328	0.00264162345348013	0.000841307615518794	0.00198260959971864	0.00209030191602238	0.00400140945254858	0.000811358433390791	0.00174780157029997	0.00217510715255657	0.00185077688075873	0.001964704690405	0.0030292875520802	0.00237373155556611	0.00261249585658655	0.000615398604171758	0.00121266050623842	]
[	0.00316593830749244	0.00117120285033335	0.00246552157075044	0.00284063276575417	0.00215485113705888	0.00320622137439724	0.00107922733691233	0.0024867019093027	0.00252926862190554	0.00499205531516793	0.00101223765090392	0.00203537033049693	0.00270378592151238	0.001964704690405	0.00263955905348897	0.00355506257674416	0.00285153877615049	0.00326461747943265	0.000776900676505585	0.00153229810709165	]
[	0.00484928370962059	0.00183852852570252	0.00381337055778769	0.00443663951801407	0.00321837882923515	0.0050020237831355	0.00166498621451249	0.00389197630892141	0.00401660232410346	0.00741257083060343	0.00151588673321239	0.00336339793671534	0.00420505451875357	0.0030292875520802	0.00355506257674416	0.00612113304863069	0.00460272582798423	0.00509552822724795	0.00118449205582487	0.00233248665550891	]
[	0.0040080728901802	0.00143054497186491	0.00314315492372642	0.00349115801452207	0.00264119991943015	0.0040863524289646	0.00132091411653607	0.00324946038092151	0.00326692280843454	0.00597572992316587	0.0012233723854748	0.00266936378493656	0.003443866032351	0.00237373155556611	0.00285153877615049	0.00460272582798423	0.00406914126271283	0.00420151055605127	0.000933262216896278	0.00191877062512852	]
[	0.00461902827725204	0.00153373155586709	0.00348039294329074	0.00393923474445425	0.00301238060800747	0.00465244899270726	0.00147104215605417	0.00369093223455311	0.00361682838356021	0.00687290452551743	0.00140260043544708	0.0029334454421871	0.00380193752086997	0.00261249585658655	0.00326461747943265	0.00509552822724795	0.00420151055605127	0.00496054527406113	0.00103857410169091	0.00219994057021594	]
[	0.00103899611793894	0.000396844554290451	0.000808594055540713	0.000897814353450508	0.000679888474779648	0.00105492484378207	0.000369202866186306	0.000807758183954911	0.00084264425819078	0.001581885503248	0.000324046856519296	0.000688669379412607	0.000882475909373182	0.000615398604171758	0.000776900676505585	0.00118449205582487	0.000933262216896278	0.00103857410169091	0.000354699063980238	0.000505132082048996	]
[	0.00213419192029135	0.000691183388634286	0.00161067779041787	0.00182972005650151	0.00144567204484123	0.0021151296091643	0.000709054145010753	0.00175127241280571	0.0017148694059548	0.00318735411179267	0.000673549220288781	0.00139027035010301	0.00174167656234899	0.00121266050623842	0.00153229810709165	0.00233248665550891	0.00191877062512852	0.00219994057021594	0.000505132082048996	0.00113547535902848	]
