[	0.00745466501270797	0.00147599299947296	0.00370473932082415	0.00441224396168492	0.00305146166482721	0.00577146433939883	0.00164808079107697	0.00395331491409173	0.00494682816183834	0.00718524012490947	0.00184175042599967	0.00319408310654093	0.00434349819731372	0.00321136924253328	0.00377495775196397	0.00585043409448964	0.00452742335764412	0.00510793054210239	0.00104489122268002	0.00226247478294396	]
[	0.00147599299947296	0.000809026949095971	0.000984876488195061	0.00116892803459215	0.000836542874650835	0.001411208072493	0.000461317984914718	0.00107581618481325	0.00116302129490995	0.00191330597181904	0.000480126534485929	0.000877853250080061	0.00116529867789257	0.000871267216351609	0.0010579247867049	0.00162872562112867	0.00121962386086569	0.00131172008811329	0.000296878777978978	0.000643414302076341	]
[	0.00370473932082415	0.000984876488195061	0.00286034404162255	0.00306692574815275	0.00194621785933899	0.00341279965762157	0.00108110038624132	0.00253401273050778	0.00296322113671264	0.00436808471631575	0.00112067147140187	0.00219376194377119	0.0026333102727688	0.00200541835079568	0.00236322272284957	0.00369195287488606	0.00286133606825676	0.00314622943598135	0.000639538453479985	0.00152029046030541	]
[	0.00441224396168492	0.00116892803459215	0.00306692574815275	0.00408262555592388	0.00230984836471568	0.00395351876740242	0.00128403148586722	0.0029907104588192	0.00366367082696775	0.00523382722271119	0.00136048139762879	0.00251203486650993	0.0031803967690322	0.00244759204495163	0.00286165665664359	0.00435850143453387	0.00328210646473329	0.00366747157585307	0.000750332462024006	0.00173651815649166	]
[	0.00305146166482721	0.000836542874650835	0.00194621785933899	0.00230984836471568	0.00204589039215504	0.00280563980313478	0.000884568748866695	0.00232513612640927	0.00228702553844768	0.00392769765941024	0.00100584716524425	0.00175170649148233	0.00214646474174635	0.00158120879414966	0.00190282815947552	0.00303155681348124	0.00233139368749024	0.00270377451904518	0.000592822525885592	0.00133842495623899	]
[	0.00577146433939883	0.001411208072493	0.00341279965762157	0.00395351876740242	0.00280563980313478	0.00599571322876803	0.00150726650681722	0.00361402905673899	0.00399101766500501	0.00637193093197005	0.00164598973765563	0.00298620415794812	0.00396002838700289	0.00281215164148338	0.00331215419193988	0.00523505927785436	0.00400625837170437	0.00455918269170694	0.000968216189804997	0.00211408727605222	]
[	0.00164808079107697	0.000461317984914718	0.00108110038624132	0.00128403148586722	0.000884568748866695	0.00150726650681722	0.000641613084376582	0.00110264984876723	0.00122431661772332	0.00200118351832505	0.000512747437182625	0.000945523219671154	0.00123050620827028	0.000940584521903033	0.00107806116209492	0.00169720273232641	0.00125206346087716	0.00137641444498283	0.000299652949659167	0.000685319849945042	]
[	0.00395331491409173	0.00107581618481325	0.00253401273050778	0.0029907104588192	0.00232513612640927	0.00361402905673899	0.00110264984876723	0.00336332342508347	0.00307035877605258	0.00499316714386342	0.00131202348868576	0.00233330125523006	0.00263835537231762	0.00203457978298012	0.00241246300129758	0.00388250007740788	0.00304977053705065	0.00351800510561666	0.000716445645718914	0.00166439399167435	]
[	0.00494682816183834	0.00116302129490995	0.00296322113671264	0.00366367082696775	0.00228702553844768	0.00399101766500501	0.00122431661772332	0.00307035877605258	0.00480924818119846	0.00521362581326821	0.00133877753922421	0.00258802492262438	0.0032428085873982	0.00237179485516355	0.00277994864238155	0.0044347805146857	0.00336746903706361	0.00373220392948059	0.000712873250816162	0.00171758896693028	]
[	0.00718524012490947	0.00191330597181904	0.00436808471631575	0.00523382722271119	0.00392769765941024	0.00637193093197005	0.00200118351832505	0.00499316714386342	0.00521362581326821	0.00942510429219448	0.0021981551580694	0.00390652332063542	0.00489344514158483	0.00373470673322764	0.00438809518240738	0.00688662334670574	0.00524258448755305	0.00602318912192121	0.00128338567382661	0.00280764015154375	]
[	0.00184175042599967	0.000480126534485929	0.00112067147140187	0.00136048139762879	0.00100584716524425	0.00164598973765563	0.000512747437182625	0.00131202348868576	0.00133877753922421	0.0021981551580694	0.000704203767133148	0.00101606155772449	0.00124914700420296	0.000979256636766209	0.0011217532423994	0.00176294710351519	0.00133897105407866	0.00152213762031694	0.00033273261151326	0.000734991937233784	]
[	0.00319408310654093	0.000877853250080061	0.00219376194377119	0.00251203486650993	0.00175170649148233	0.00298620415794812	0.000945523219671154	0.00233330125523006	0.00258802492262438	0.00390652332063542	0.00101606155772449	0.00232604822371856	0.00224261388350355	0.00183876670061322	0.00198093545747712	0.00343022700911377	0.00256362352266766	0.00275016061675311	0.000581068986158854	0.00137820373491817	]
[	0.00434349819731372	0.00116529867789257	0.0026333102727688	0.0031803967690322	0.00214646474174635	0.00396002838700289	0.00123050620827028	0.00263835537231762	0.0032428085873982	0.00489344514158483	0.00124914700420296	0.00224261388350355	0.00393033261449609	0.00240078945008918	0.00280041381278666	0.00432231609923064	0.0031785798555371	0.0034368293954223	0.000723590233662857	0.00167263217046225	]
[	0.00321136924253328	0.000871267216351609	0.00200541835079568	0.00244759204495163	0.00158120879414966	0.00281215164148338	0.000940584521903033	0.00203457978298012	0.00237179485516355	0.00373470673322764	0.000979256636766209	0.00183876670061322	0.00240078945008918	0.00229403293105591	0.00204274459115513	0.00320582642051707	0.00234471375897577	0.00253103148119054	0.000517113742647175	0.00124973555881198	]
[	0.00377495775196397	0.0010579247867049	0.00236322272284957	0.00286165665664359	0.00190282815947552	0.00331215419193988	0.00107806116209492	0.00241246300129758	0.00277994864238155	0.00438809518240738	0.0011217532423994	0.00198093545747712	0.00280041381278666	0.00204274459115513	0.00346516078625077	0.00379780528776962	0.00270062917280245	0.00304111129957614	0.000636940746263619	0.00147613082080111	]
[	0.00585043409448964	0.00162872562112867	0.00369195287488606	0.00435850143453387	0.00303155681348124	0.00523505927785436	0.00169720273232641	0.00388250007740788	0.0044347805146857	0.00688662334670574	0.00176294710351519	0.00343022700911377	0.00432231609923064	0.00320582642051707	0.00379780528776962	0.00655387500240577	0.00447250823578015	0.00476456817326142	0.00100051414444634	0.00231190301074887	]
[	0.00452742335764412	0.00121962386086569	0.00286133606825676	0.00328210646473329	0.00233139368749024	0.00400625837170437	0.00125206346087716	0.00304977053705065	0.00336746903706361	0.00524258448755305	0.00133897105407866	0.00256362352266766	0.0031785798555371	0.00234471375897577	0.00270062917280245	0.00447250823578015	0.00383508325339839	0.0037852433940379	0.000777573756838109	0.00178541435160105	]
[	0.00510793054210239	0.00131172008811329	0.00314622943598135	0.00366747157585307	0.00270377451904518	0.00455918269170694	0.00137641444498283	0.00351800510561666	0.00373220392948059	0.00602318912192121	0.00152213762031694	0.00275016061675311	0.0034368293954223	0.00253103148119054	0.00304111129957614	0.00476456817326142	0.0037852433940379	0.00455215311138858	0.000893468665325477	0.0019892872172646	]
[	0.00104489122268002	0.000296878777978978	0.000639538453479985	0.000750332462024006	0.000592822525885592	0.000968216189804997	0.000299652949659167	0.000716445645718914	0.000712873250816162	0.00128338567382661	0.00033273261151326	0.000581068986158854	0.000723590233662857	0.000517113742647175	0.000636940746263619	0.00100051414444634	0.000777573756838109	0.000893468665325477	0.000298289093845822	0.000451673782652782	]
[	0.00226247478294396	0.000643414302076341	0.00152029046030541	0.00173651815649166	0.00133842495623899	0.00211408727605222	0.000685319849945042	0.00166439399167435	0.00171758896693028	0.00280764015154375	0.000734991937233784	0.00137820373491817	0.00167263217046225	0.00124973555881198	0.00147613082080111	0.00231190301074887	0.00178541435160105	0.0019892872172646	0.000451673782652782	0.00117309437558193	]
