[	0.00725330601364308	0.00145780975224481	0.00290886347190197	0.00352414218307846	0.0044519499423563	0.005830924334877	0.00152549031809905	0.00552131085492688	0.00330278789655433	0.00902903808735426	0.00227744839392212	0.00289765645061649	0.00376705346285002	0.00246395470182228	0.00349050035759725	0.00561791675735338	0.00449924279024823	0.00606433112298638	0.00150487421782895	0.00260513490636095	]
[	0.00145780975224481	0.000559832047123676	0.000714817143213559	0.000843501377673179	0.00112332511564869	0.00125510702065808	0.000393335238434667	0.00137496299375713	0.00081992884127666	0.00218906554798383	0.000560132192596399	0.000782014185361333	0.000932057154824716	0.000585351320186199	0.000918799571887479	0.00151506585112597	0.00112959869508271	0.00146675909498751	0.000389259057403136	0.000696820482080426	]
[	0.00290886347190197	0.000714817143213559	0.00168830162001252	0.00186828838897498	0.00202798034073456	0.0025936064725793	0.000719590386309459	0.00251158250145724	0.0017126998103905	0.00397852238797428	0.00100935311389805	0.00155420628957119	0.00177129834863176	0.00120686201129821	0.00172790863762905	0.00272331412541928	0.0021412954113797	0.00276500210540145	0.00065185161190528	0.00129658176488163	]
[	0.00352414218307846	0.000843501377673179	0.00186828838897498	0.00246835310624599	0.00242417756635546	0.00309650471388981	0.000838602311930445	0.00301010110006936	0.00210330809791627	0.00477646032184746	0.00121505680794193	0.0018249245723364	0.00215211119723116	0.00147672559974168	0.0020708577281636	0.00327701142607973	0.00252114016263766	0.00325976616626034	0.00075944982485647	0.00152012645111647	]
[	0.0044519499423563	0.00112332511564869	0.00202798034073456	0.00242417756635546	0.00355000740882293	0.00392354907001378	0.00108313729748208	0.00413136715782381	0.00243024948902225	0.00629182580204295	0.00166004758920407	0.00220311576476763	0.0025374633313943	0.00168127193963111	0.00240082887753775	0.00413458418399439	0.00317708714017834	0.00427038678081897	0.00108500710885886	0.00199823359200246	]
[	0.005830924334877	0.00125510702065808	0.0025936064725793	0.00309650471388981	0.00392354907001378	0.00547978157011816	0.00127823880560595	0.00478491809500434	0.00290801762501149	0.00769586068628806	0.00197461730206957	0.00256855717096401	0.0032585411034109	0.00215716848551556	0.00298564168051652	0.00494291425671768	0.00390273166105317	0.0052863593140851	0.0012932194984614	0.00229266182811133	]
[	0.00152549031809905	0.000393335238434667	0.000719590386309459	0.000838602311930445	0.00108313729748208	0.00127823880560595	0.000463659752604637	0.00130777666183256	0.000831168864367004	0.00217240421719408	0.000529677749183548	0.000734579439555533	0.000904500547056594	0.000596820962223739	0.000852776897272139	0.00140640370994308	0.00108881503773856	0.00143915451299272	0.000374501329129737	0.00065882711711078	]
[	0.00552131085492688	0.00137496299375713	0.00251158250145724	0.00301010110006936	0.00413136715782381	0.00478491809500434	0.00130777666183256	0.00569907774221359	0.00315283878043296	0.00780624279933338	0.00213523678806165	0.00278902049552765	0.00310859113820985	0.00213107296369718	0.00292993137222236	0.00518162314067467	0.00399328335494504	0.0053142642218291	0.00127712296848275	0.00244922779581361	]
[	0.00330278789655433	0.00081992884127666	0.0017126998103905	0.00210330809791627	0.00243024948902225	0.00290801762501149	0.000831168864367004	0.00315283878043296	0.00223945558755831	0.00468111903019511	0.00121039600694479	0.00184085271871437	0.00197514382795094	0.00139174791367737	0.00184036895601258	0.00321509056911194	0.00250821792987886	0.00320061708662354	0.000762002534186609	0.00152653952932158	]
[	0.00902903808735426	0.00218906554798383	0.00397852238797428	0.00477646032184746	0.00629182580204295	0.00769586068628806	0.00217240421719408	0.00780624279933338	0.00468111903019511	0.013087521906651	0.0031609615573987	0.00417273054790655	0.00517384055578468	0.00339318690320947	0.00486183120427518	0.00802087770472872	0.00618712180885777	0.00833942186043538	0.00209297396462404	0.00370134384071221	]
[	0.00227744839392212	0.000560132192596399	0.00100935311389805	0.00121505680794193	0.00166004758920407	0.00197461730206957	0.000529677749183548	0.00213523678806165	0.00121039600694479	0.0031609615573987	0.000940379424562795	0.00110371916417939	0.00128313160739125	0.000855030939259778	0.00121614734664473	0.00209525570626897	0.00160784420279194	0.00214869461959196	0.000516630554853156	0.000969865284205254	]
[	0.00289765645061649	0.000782014185361333	0.00155420628957119	0.0018249245723364	0.00220311576476763	0.00256855717096401	0.000734579439555533	0.00278902049552765	0.00184085271871437	0.00417273054790655	0.00110371916417939	0.00178737938841348	0.00177213086451663	0.00125248350902795	0.00168887273451839	0.00290332990401658	0.00225077859265948	0.00288662340292242	0.000692782176108679	0.00136751141324198	]
[	0.00376705346285002	0.000932057154824716	0.00177129834863176	0.00215211119723116	0.0025374633313943	0.0032585411034109	0.000904500547056594	0.00310859113820985	0.00197514382795094	0.00517384055578468	0.00128313160739125	0.00177213086451663	0.00247196387967487	0.00146115345581694	0.00215217516353582	0.00340275268331157	0.00267063400506542	0.00349232478996519	0.000894061167765229	0.00155928702436216	]
[	0.00246395470182228	0.000585351320186199	0.00120686201129821	0.00147672559974168	0.00168127193963111	0.00215716848551556	0.000596820962223739	0.00213107296369718	0.00139174791367737	0.00339318690320947	0.000855030939259778	0.00125248350902795	0.00146115345581694	0.00114130136759686	0.00136887824352709	0.00229479676578629	0.00176049510865156	0.00229491175319091	0.000557944331526336	0.00104352937487478	]
[	0.00349050035759725	0.000918799571887479	0.00172790863762905	0.0020708577281636	0.00240082887753775	0.00298564168051652	0.000852776897272139	0.00292993137222236	0.00184036895601258	0.00486183120427518	0.00121614734664473	0.00168887273451839	0.00215217516353582	0.00136887824352709	0.00223247470131574	0.00324762178657902	0.00249694401331353	0.00327453566539857	0.000819801482148529	0.00149757754997983	]
[	0.00561791675735338	0.00151506585112597	0.00272331412541928	0.00327701142607973	0.00413458418399439	0.00494291425671768	0.00140640370994308	0.00518162314067467	0.00321509056911194	0.00802087770472872	0.00209525570626897	0.00290332990401658	0.00340275268331157	0.00229479676578629	0.00324762178657902	0.00575068885100831	0.00416808169033186	0.00541469447659639	0.0013369265792494	0.00250812642436588	]
[	0.00449924279024823	0.00112959869508271	0.0021412954113797	0.00252114016263766	0.00317708714017834	0.00390273166105317	0.00108881503773856	0.00399328335494504	0.00250821792987886	0.00618712180885777	0.00160784420279194	0.00225077859265948	0.00267063400506542	0.00176049510865156	0.00249694401331353	0.00416808169033186	0.00350236784361301	0.00429849257285077	0.0010716250252957	0.00193922678169	]
[	0.00606433112298638	0.00146675909498751	0.00276500210540145	0.00325976616626034	0.00427038678081897	0.0052863593140851	0.00143915451299272	0.0053142642218291	0.00320061708662354	0.00833942186043538	0.00214869461959196	0.00288662340292242	0.00349232478996519	0.00229491175319091	0.00327453566539857	0.00541469447659639	0.00429849257285077	0.00588623687802717	0.00143143506030592	0.00253610620542307	]
[	0.00150487421782895	0.000389259057403136	0.00065185161190528	0.00075944982485647	0.00108500710885886	0.0012932194984614	0.000374501329129737	0.00127712296848275	0.000762002534186609	0.00209297396462404	0.000516630554853156	0.000692782176108679	0.000894061167765229	0.000557944331526336	0.000819801482148529	0.0013369265792494	0.0010716250252957	0.00143143506030592	0.00044558389793781	0.000639938980017476	]
[	0.00260513490636095	0.000696820482080426	0.00129658176488163	0.00152012645111647	0.00199823359200246	0.00229266182811133	0.00065882711711078	0.00244922779581361	0.00152653952932158	0.00370134384071221	0.000969865284205254	0.00136751141324198	0.00155928702436216	0.00104352937487478	0.00149757754997983	0.00250812642436588	0.00193922678169	0.00253610620542307	0.000639938980017476	0.00130960625272948	]
