[	0.00712884311738539	0.00118415509753892	0.00455406624961843	0.00600727222368354	0.00299511940117403	0.00567010738387354	0.00173901747671054	0.00430035268605096	0.00524322806433589	0.00685568023912431	0.00193615728145384	0.00311945853437496	0.0038890259402997	0.00345999566736425	0.00399330906646768	0.00489853760475854	0.00418594974346676	0.00548712227158243	0.000924935756314325	0.00224947563873959	]
[	0.00118415509753892	0.000514669122751039	0.000921898669254603	0.0010837009063011	0.000607174113199908	0.00106368741989065	0.000339730915797309	0.000785816385791548	0.00102415583797963	0.00132746972964328	0.000378382235004216	0.000581981144484431	0.00104951268870203	0.000826625239929779	0.00073625711508232	0.000957575601946822	0.000816788092189572	0.00105406297989859	0.00018315251794045	0.000507156219879581	]
[	0.00455406624961843	0.000921898669254603	0.00385104078668135	0.00446375431592553	0.00223123276195445	0.00409748027518914	0.00126698808966657	0.00318584451379947	0.00389483987153994	0.00504710593609547	0.00137026739589137	0.00231184641987789	0.00276084687704252	0.00235874550569748	0.00281080572000054	0.003424891937031	0.00306323196343433	0.00393719985863846	0.000664420292330617	0.0017293601498522	]
[	0.00600727222368354	0.0010837009063011	0.00446375431592553	0.00646165815265536	0.00283132152361959	0.00511384917336262	0.00165661850279992	0.00401953684207206	0.00535954105756221	0.00653403888005173	0.00175452912231201	0.00295407957794086	0.00365104737996676	0.00319827143801803	0.00377976855166845	0.00452751746419293	0.00389534498670175	0.00498580209758873	0.000852045993011944	0.00212376718566725	]
[	0.00299511940117403	0.000607174113199908	0.00223123276195445	0.00283132152361959	0.00172163913886588	0.00273092136548183	0.000877432676398714	0.00208481991122519	0.00256008136128313	0.00341187511957235	0.000909486948163002	0.00158311281507342	0.00189510162456975	0.00167428361015736	0.00191551022162721	0.00235334077321933	0.00203259032271438	0.00265467759920521	0.00047921507749106	0.00121012651248329	]
[	0.00567010738387354	0.00106368741989065	0.00409748027518914	0.00511384917336262	0.00273092136548183	0.00557471070190206	0.00165130372079962	0.00381667181793672	0.00450850836595509	0.00607067930617708	0.00167754289131614	0.00283901046588758	0.00340784060171532	0.00286282802893825	0.00346809853343125	0.00417990713712905	0.00372842950566607	0.00495038626266654	0.000822506737344193	0.00204242338461085	]
[	0.00173901747671054	0.000339730915797309	0.00126698808966657	0.00165661850279992	0.000877432676398714	0.00165130372079962	0.000687650859505106	0.00115883719680006	0.00140785555734725	0.00195006822583015	0.000510287782991073	0.00086323890113734	0.0010987766070715	0.000904385601495609	0.00115055710596646	0.00129884674471012	0.00114500087273538	0.00151075479799267	0.00027899687098743	0.000689559615153397	]
[	0.00430035268605096	0.000785816385791548	0.00318584451379947	0.00401953684207206	0.00208481991122519	0.00381667181793672	0.00115883719680006	0.00338579753118187	0.00360963290164015	0.00479192869109165	0.00134667398632462	0.00222128962811476	0.00256076992850155	0.00228761485006885	0.00272143723557178	0.00323407855465503	0.00289952414348921	0.00377730241213039	0.000609623502647777	0.00163015987227082	]
[	0.00524322806433589	0.00102415583797963	0.00389483987153994	0.00535954105756221	0.00256008136128313	0.00450850836595509	0.00140785555734725	0.00360963290164015	0.00524252980029732	0.00566136519241503	0.00154226605901396	0.00270809069904333	0.0033234085912126	0.00278810737436922	0.00315739542622906	0.00400700773942261	0.00352797301601093	0.00442548203845703	0.000758151879459554	0.00194568526282613	]
[	0.00685568023912431	0.00132746972964328	0.00504710593609547	0.00653403888005173	0.00341187511957235	0.00607067930617708	0.00195006822583015	0.00479192869109165	0.00566136519241503	0.00822792874276442	0.00208756004361367	0.00354924919557101	0.00423872515394321	0.00374857304699084	0.00445087036698234	0.00527448497188259	0.00453149974502589	0.00587727220824311	0.00103851215627841	0.00263634668169812	]
[	0.00193615728145384	0.000378382235004216	0.00137026739589137	0.00175452912231201	0.000909486948163002	0.00167754289131614	0.000510287782991073	0.00134667398632462	0.00154226605901396	0.00208756004361367	0.000673680889257253	0.000956675966465481	0.00115848677448686	0.00109315985672051	0.00118667459355864	0.00142507033677512	0.00124194830948581	0.00163648751984514	0.000268205549692724	0.000686990471574644	]
[	0.00311945853437496	0.000581981144484431	0.00231184641987789	0.00295407957794086	0.00158311281507342	0.00283901046588758	0.00086323890113734	0.00222128962811476	0.00270809069904333	0.00354924919557101	0.000956675966465481	0.00194510794114959	0.00188898751775129	0.00171257148031594	0.00196360275627312	0.00249139536105951	0.00208032549330181	0.00274149727782248	0.000479303178828987	0.00122997783737946	]
[	0.0038890259402997	0.00104951268870203	0.00276084687704252	0.00365104737996676	0.00189510162456975	0.00340784060171532	0.0010987766070715	0.00256076992850155	0.0033234085912126	0.00423872515394321	0.00115848677448686	0.00188898751775129	0.00357513277944838	0.00243510101060289	0.00249783978982225	0.00307315070956333	0.0026022203987464	0.00336008008377924	0.000617130833284649	0.00156613301781606	]
[	0.00345999566736425	0.000826625239929779	0.00235874550569748	0.00319827143801803	0.00167428361015736	0.00286282802893825	0.000904385601495609	0.00228761485006885	0.00278810737436922	0.00374857304699084	0.00109315985672051	0.00171257148031594	0.00243510101060289	0.00279281149269984	0.00215563402369644	0.00255593906558192	0.0021919977587163	0.00286755784294898	0.000476512065970025	0.0012694419909367	]
[	0.00399330906646768	0.00073625711508232	0.00281080572000054	0.00377976855166845	0.00191551022162721	0.00346809853343125	0.00115055710596646	0.00272143723557178	0.00315739542622906	0.00445087036698234	0.00118667459355864	0.00196360275627312	0.00249783978982225	0.00215563402369644	0.00293867055591601	0.00297108184635459	0.00261256919986928	0.00336276075806666	0.000607737969475326	0.00151893158033122	]
[	0.00489853760475854	0.000957575601946822	0.003424891937031	0.00452751746419293	0.00235334077321933	0.00417990713712905	0.00129884674471012	0.00323407855465503	0.00400700773942261	0.00527448497188259	0.00142507033677512	0.00249139536105951	0.00307315070956333	0.00255593906558192	0.00297108184635459	0.00406258335196489	0.00318283109785788	0.00411889141174053	0.000733642862650644	0.00180401605612111	]
[	0.00418594974346676	0.000816788092189572	0.00306323196343433	0.00389534498670175	0.00203259032271438	0.00372842950566607	0.00114500087273538	0.00289952414348921	0.00352797301601093	0.00453149974502589	0.00124194830948581	0.00208032549330181	0.0026022203987464	0.0021919977587163	0.00261256919986928	0.00318283109785788	0.00303866350051743	0.00363937650972162	0.000609628933506194	0.00154866207843042	]
[	0.00548712227158243	0.00105406297989859	0.00393719985863846	0.00498580209758873	0.00265467759920521	0.00495038626266654	0.00151075479799267	0.00377730241213039	0.00442548203845703	0.00587727220824311	0.00163648751984514	0.00274149727782248	0.00336008008377924	0.00286755784294898	0.00336276075806666	0.00411889141174053	0.00363937650972162	0.00502586402408288	0.000788949396594319	0.00198920122599597	]
[	0.000924935756314325	0.00018315251794045	0.000664420292330617	0.000852045993011944	0.00047921507749106	0.000822506737344193	0.00027899687098743	0.000609623502647777	0.000758151879459554	0.00103851215627841	0.000268205549692724	0.000479303178828987	0.000617130833284649	0.000476512065970025	0.000607737969475326	0.000733642862650644	0.000609628933506194	0.000788949396594319	0.00021631119791877	0.000387615949516854	]
[	0.00224947563873959	0.000507156219879581	0.0017293601498522	0.00212376718566725	0.00121012651248329	0.00204242338461085	0.000689559615153397	0.00163015987227082	0.00194568526282613	0.00263634668169812	0.000686990471574644	0.00122997783737946	0.00156613301781606	0.0012694419909367	0.00151893158033122	0.00180401605612111	0.00154866207843042	0.00198920122599597	0.000387615949516854	0.0011067609469755	]
